25001
16
16
1
15
25
1
113
2
225
3
279
4
450
5
407
6
377
7
376
8
360
9
210
10
93
11
37
12
36
13
24
14
15
15
6
18
5
1
25
35
1
54
2
160
3
271
4
279
5
224
6
145
7
121
8
133
9
84
10
22
11
47
12
34
13
8
14
2
15
0
18
5
1
35
45
1
33
2
48
3
117
4
149
5
155
6
179
7
96
8
104
9
41
10
14
11
21
12
12
13
1
14
1
15
0
18
9
1
45
55
1
10
2
51
3
65
4
93
5
109
6
112
7
77
8
60
9
21
10
9
11
13
12
4
13
3
14
1
15
0
18
0
1
5
15
1
10
2
156
3
300
4
464
5
591
6
659
7
433
8
455
9
264
10
109
11
135
12
113
13
45
14
15
15
10
18
14
1
55
65
1
11
2
12
3
29
4
55
5
45
6
61
7
35
8
28
9
19
10
13
11
5
12
1
13
5
14
4
15
1
18
0
1
65
Inf
1
15
2
17
3
45
4
39
5
29
6
10
7
15
8
18
9
9
10
6
11
13
12
0
13
0
14
1
15
0
18
0
1
0
5
1
20
2
136
3
188
4
300
5
237
6
282
7
160
8
222
9
135
10
48
11
54
12
41
13
20
14
8
15
2
18
20
2
15
25
1
90
2
188
3
306
4
428
5
400
6
505
7
418
8
315
9
181
10
69
11
116
12
72
13
30
14
4
15
3
18
7
2
25
35
1
51
2
122
3
179
4
216
5
221
6
170
7
138
8
139
9
73
10
34
11
21
12
18
13
26
14
5
15
3
18
1
2
35
45
1
9
2
66
3
96
4
133
5
181
6
119
7
70
8
76
9
47
10
24
11
21
12
9
13
15
14
0
15
1
18
2
2
45
55
1
13
2
38
3
98
4
87
5
88
6
128
7
89
8
67
9
22
10
31
11
15
12
28
13
8
14
0
15
0
18
5
2
5
15
1
11
2
107
3
376
4
528
5
688
6
686
7
457
8
410
9
284
10
141
11
85
12
72
13
24
14
8
15
2
18
17
2
55
65
1
11
2
31
3
63
4
66
5
50
6
23
7
36
8
42
9
34
10
12
11
8
12
1
13
0
14
2
15
1
18
0
2
65
Inf
1
28
2
29
3
15
4
25
5
18
6
17
7
29
8
21
9
16
10
12
11
10
12
1
13
0
14
1
15
0
18
0
2
0
5
1
4
2
94
3
243
4
328
5
292
6
307
7
236
8
206
9
81
10
83
11
26
12
50
13
12
14
3
15
1
18
5
